0,1,119.09645956364272
0,2,169.64633858528973
0,3,248.29638486152416
0,4,161.41551377055336
0,5,507.8132017674614
0,6,295.5912359626703
0,7,199.72142071760408
0,8,543.8991442234735
0,9,430.45968529902456
0,10,164.89795598615072
0,11,382.81288798041567
0,12,409.242565898283
0,13,424.76355584828724
0,14,272.59499055711956
0,15,87.83050735027697
0,16,155.9553760300397
0,17,187.4354433863481
0,18,225.60995690334533
0,19,200.94380285904256
0,20,249.18145883184113
0,21,301.2723214487801
0,22,331.1591402118527
0,23,284.8058041210077
0,24,354.1109823287154
0,25,243.88695832017578
0,26,201.61069930747945
0,27,220.96565725582127
0,28,304.4506768016822
0,29,242.06230351930728
0,30,175.51192329803038
0,31,404.1907569598986
0,32,265.42835659428675
0,33,149.13725256476158
0,34,197.82933183105143
0,35,417.00941758981816
0,36,299.54382477245923
0,37,330.6568418700445
0,38,65.27129603769322
0,39,319.4124255422157
0,40,37.48898955354977
0,41,325.1946251662509
0,42,206.7295744978442
0,43,313.1442566500051
0,44,97.81482358883163
0,45,180.53828821668588
0,46,318.55159487476584
0,47,348.3966006856315
0,48,393.97130743201353
0,49,104.816733378995
0,50,368.67491174223466
0,51,527.7669327855374
0,52,376.28614851546007
0,53,174.48842594492038
0,54,388.38530650767467
0,55,505.18679592293125
0,56,537.2561404600481
0,57,388.12832477542895
0,58,270.08586312322745
0,59,381.66694243070395
0,60,168.40327334159218
0,61,135.75800297720008
0,62,271.28414491969914
0,63,281.83713127415814
0,64,475.305325473456
0,65,388.9028245227903
0,66,411.37971274020674
0,67,299.95625092894835
0,68,304.30330540776964
0,69,241.73721240618298
0,70,65.5610787649957
0,71,452.1077941314903
0,72,465.2911671571847
0,73,504.3326112316022
0,74,508.0437284325388
0,75,127.42335515388216
0,76,401.7819721547583
0,77,355.26455136492365
0,78,301.8442764535338
0,79,169.66046537137967
0,80,383.67365044959774
0,81,553.1644439554956
0,82,188.8028902778714
0,83,419.1986570226923
0,84,344.7395689033761
0,85,355.5036964453801
0,86,382.3179217841472
0,87,307.7425338874459
0,88,303.52398525884524
0,89,319.66455797068096
0,90,526.7561424892307
0,91,403.3340704364622
0,92,262.7239426734654
0,93,342.264268013315
0,94,302.2880600053151
0,95,400.75871723253454
0,96,251.00392299887014
0,97,321.0610912694823
0,98,498.8531924039284
0,99,226.935701957851
0,100,586.9433468682715
0,101,523.2390361874455
0,102,419.96851374476836
0,103,173.5068731773827
0,104,115.60148629152117
0,105,327.33985169294607
0,106,184.8528373782553
0,107,197.4050110014375
0,108,160.1737878265252
0,109,297.33858662501945
0,110,587.9854066921686
0,111,121.33800027977169
0,112,394.4515409578724
0,113,197.1320590066664
0,114,187.33593834833735
0,115,274.1421705439391
0,116,120.99147428093646
0,117,174.73305947590325
0,118,459.30307480246825
0,119,391.37238192442464
0,120,303.4903000137452
0,121,380.1251495303643
0,122,589.1388027135864
0,123,202.88723111351976
0,124,321.6509091421048
0,125,235.09368303920172
0,126,150.4089978551946
0,127,89.76011101939437
0,128,166.56933503614127
0,129,81.64223139615409
1,0,119.09645956364272
1,2,139.1917717358714
1,3,130.37046522864821
1,4,274.6303056486321
1,5,390.3451328061385
1,6,365.4474922088369
1,7,137.56689237686294
1,8,467.8452293499104
1,9,323.26494489704515
1,10,282.24101869620864
1,11,309.004111773868
1,12,313.07689590717297
1,13,317.6499857315076
1,14,230.13392807588477
1,15,191.20657855782204
1,16,112.54542955962555
1,17,109.09754975174361
1,18,198.16122704050545
1,19,86.74847510105461
1,20,157.48651788620373
1,21,192.29684460791614
1,22,224.10724434080834
1,23,229.86871081657273
1,24,374.8746829965553
1,25,327.1324324828681
1,26,170.03359955137827
1,27,274.79582719090934
1,28,259.4539245706559
1,29,215.31024124375702
1,30,132.92483267050562
1,31,403.8792483743534
1,32,172.64505410416817
1,33,132.39298363614944
1,34,80.99124135605985
1,35,410.1220939528462
1,36,189.15234538333124
1,37,235.94303591240188
1,38,105.99248131298762
1,39,207.51830800287135
1,40,114.12331371290976
1,41,206.10897583350658
1,42,223.0470410571753
1,43,195.01285698173513
1,44,213.19304355277634
1,45,74.1671042631263
1,46,207.06922860806066
1,47,374.21413424267456
1,48,280.1302271522757
1,49,39.77294914846976
1,50,249.60567010951436
1,51,442.39620592763396
1,52,259.59600841251654
1,53,74.82809857194331
1,54,272.31824875235105
1,55,433.32100701942005
1,56,464.5776355557353
1,57,274.73959492779625
1,58,242.44325334800277
1,59,262.60420857807827
1,60,285.56993894049504
1,61,203.12652460449914
1,62,308.9310687925842
1,63,389.1160328740973
1,64,401.6580226370683
1,65,391.66301384937884
1,66,310.08137068925606
1,67,326.0237522152901
1,68,410.95364830987825
1,69,304.1391038877821
1,70,92.01356301320345
1,71,339.48565309504374
1,72,372.2355748661001
1,73,414.48794342999975
1,74,419.36743569461714
1,75,246.51561986073236
1,76,359.17817169101227
1,77,307.2890428011222
1,78,228.24490405760002
1,79,59.25407500713823
1,80,321.05991590969666
1,81,491.28693488129227
1,82,179.29234404793453
1,83,412.35074305925826
1,84,342.0848539453508
1,85,457.98992635987327
1,86,308.645224334806
1,87,406.78486848135395
1,88,286.46949559362787
1,89,313.1803556881937
1,90,412.79503974156927
1,91,303.6107509932807
1,92,149.02785519455406
1,93,319.16791729850024
1,94,236.27072784542978
1,95,298.9936128044801
1,96,323.06335468763
1,97,332.77406633927023
1,98,402.56651279391946
1,99,175.88451419563614
1,100,538.9301979705976
1,101,407.03619299709663
1,102,365.24632021062763
1,103,203.63259318805055
1,104,184.7385086594729
1,105,216.96237119453534
1,106,228.45454608541675
1,107,136.66025978899063
1,108,279.029184901508
1,109,298.926227703647
1,110,547.7112284723077
1,111,174.0304271497516
1,112,392.0904474069516
1,113,154.5444814977751
1,114,230.50343525295798
1,115,211.60040771520121
1,116,146.23582454493118
1,117,57.56620563195977
1,118,442.5711493523877
1,119,273.3249824365368
1,120,245.799317726009
1,121,267.2427700163948
1,122,547.58722321706
1,123,305.55413284997877
1,124,318.04806890313733
1,125,180.23729866244796
1,126,205.09866012120384
1,127,175.814087958319
1,128,270.553030152731
1,129,57.198376224334034
2,0,169.64633858528973
2,1,139.1917717358714
2,3,220.06330405103816
2,4,257.2137574957939
2,5,408.556947838165
2,6,463.99864830445296
2,7,48.627691627479834
2,8,596.0881576849592
2,9,300.7071021049357
2,10,278.6720513430091
2,11,441.29078593469245
2,12,262.3244295633381
2,13,295.22451195496893
2,14,369.31768733508414
2,15,177.27657641827122
2,16,249.9608176290608
2,17,68.01556400852728
2,18,335.74003473299496
2,19,140.72278059078536
2,20,117.85992080760361
2,21,190.8098464162195
2,22,210.9173068144163
2,23,368.4809050077824
2,24,502.50345427049535
2,25,413.5262563771105
2,26,307.6166545512803
2,27,169.92375936139337
2,28,398.5822037300758
2,29,78.32278218510086
2,30,271.0431523304986
2,31,538.7322816729194
2,32,131.27462927503274
2,33,264.7545783111917
2,34,189.10941993372242
2,35,546.531657613302
2,36,193.26436986672064
2,37,357.7018279331784
2,38,105.42488764102683
2,39,213.9323685637265
2,40,134.75946517079996
2,41,262.98814643008296
2,42,349.1359920831205
2,43,237.65972514626202
2,44,215.8264743551821
2,45,114.46440190714144
2,46,211.954203518572
2,47,499.71455104085265
2,48,367.7403533899841
2,49,103.39773344856083
2,50,299.8370470498672
2,51,564.9069139649263
2,52,337.7594358230633
2,53,208.05621099480112
2,54,289.8252296648651
2,55,564.2351407205985
2,56,594.6637415906212
2,57,364.1420387999034
2,58,106.59637712961211
2,59,311.11405125942514
2,60,316.84992332788147
2,61,135.5113091485027
2,62,427.7263535989546
2,63,442.45894512180587
2,64,532.2042046785016
2,65,252.57773972637432
2,66,271.85371773388084
2,67,450.690775587394
2,68,465.0313818666559
2,69,407.73283135630925
2,70,104.36876679833124
2,71,426.97639025218604
2,72,489.8331838304105
2,73,533.9155786250054
2,74,539.696635112563
2,75,264.27996884642243
2,76,498.1230233985775
2,77,186.00865693561192
2,78,362.75049767210936
2,79,121.06327665455095
2,80,457.03505618028424
2,81,625.5817891241503
2,82,43.58893308798946
2,83,548.7672416266478
2,84,202.89995881229876
2,85,518.8053838148479
2,86,440.99908869215125
2,87,473.74110228926935
2,88,423.69381546855277
2,89,173.99891999250391
2,90,492.6553553200034
2,91,416.5483123177527
2,92,175.8332210276205
2,93,457.5378829505837
2,94,372.84040842201625
2,95,262.75066146124783
2,96,419.4910282636583
2,97,463.201972311153
2,98,515.8452421610646
2,99,315.0736326991746
2,100,676.5027877827503
2,101,415.9687114186248
2,102,502.5713795734923
2,103,322.83607251025876
2,104,129.20141120193853
2,105,318.8308140565128
2,106,341.862650108928
2,107,45.84169447723106
2,108,299.5868046965487
2,109,432.0290512053279
2,110,686.3519811976444
2,111,106.12433824531405
2,112,527.351687715694
2,113,28.781336967727153
2,114,125.15878235044586
2,115,349.39511075252
2,116,70.94051957438279
2,117,141.27486761710534
2,118,580.783851882307
2,119,341.8153975555204
2,120,134.6313924065876
2,121,269.76299593257943
2,122,686.088953652662
2,123,368.8660563696054
2,124,178.87665872604697
2,125,68.28957906239805
2,126,311.06435727505533
2,127,146.43591542622983
2,128,332.82245703739534
2,129,105.86886017764267
3,0,248.29638486152416
3,1,130.37046522864821
3,2,220.06330405103816
3,4,404.9101161177926
3,5,273.79456021062515
3,6,449.6075926832862
3,7,188.16122408126523
3,8,386.03848820759055
3,9,241.03895174639322
3,10,412.4338823311953
3,11,243.77145062305925
3,12,257.29748918836765
3,13,236.153645163189
3,14,225.37653791876147
3,15,320.81975343353486
3,16,163.54209897337049
3,17,155.9614631852086
3,18,221.49051344681382
3,19,79.61007077709814
3,20,152.37274456235232
3,21,127.64422595105268
3,22,156.78474713443072
3,23,208.64824368049887
3,24,413.7878980033998
3,25,424.5783359549218
3,26,200.01391187357834
3,27,383.66658514930407
3,28,243.85594798049746
3,29,276.1593553042864
3,30,170.62524562770585
3,31,418.3180789445974
3,32,158.18656739840011
3,33,195.82584490797106
3,34,50.71074337181572
3,35,416.8610790744072
3,36,120.55998558192391
3,37,147.70502460191514
3,38,232.08697955443552
3,39,127.99837552126354
3,40,244.01037705610122
3,41,83.23202480392132
3,42,281.4826928259313
3,43,85.79320255493563
3,44,343.535782920152
3,45,105.7179528556318
3,46,129.2126675195154
3,47,418.11203822150065
3,48,152.8934559217506
3,49,159.49388367523756
3,50,125.64134441094468
3,51,349.44049247611315
3,52,129.53930653596404
3,53,90.15535879414038
3,54,166.37256527767596
3,55,359.01740788186515
3,56,387.35926390111007
3,57,148.2135090345706
3,58,296.6157122355305
3,59,138.4806074671685
3,60,411.0242758697126
3,61,323.4052431265808
3,62,370.93222797514846
3,63,503.7355517322079
3,64,327.1462893790472
3,65,455.3365470548227
3,66,243.49161580448504
3,67,375.4701173298377
3,68,524.5582051739307
3,69,387.1894150511272
3,70,218.412955100886
3,71,212.89833712494482
3,72,272.1627039517733
3,73,316.747794118838
3,74,323.00633114494576
3,75,375.38078489563935
3,76,329.81230615815673
3,77,327.88810079986365
3,78,179.48176123313002
3,79,102.16880888861319
3,80,270.30105310299507
3,81,426.48631010210005
3,82,263.3326909853967
3,83,418.9227384994461
3,84,405.3315940461618
3,85,566.7753817454719
3,86,243.66622293666126
3,87,513.6973283948822
3,88,298.5189072362272
3,89,376.1727307582867
3,90,284.2847094692936
3,91,197.76485738790993
3,92,84.2972608191932
3,93,318.8217386241632
3,94,197.17464085187692
3,95,232.68917735303907
3,96,412.06321182881624
3,97,367.57966784668
3,98,296.38699032240817
3,99,179.83168983058937
3,100,488.73389234604605
3,101,294.7504916655431
3,102,319.61758849925303
3,103,277.84812058346705
3,104,307.0944655605013
3,105,98.78504691437797
3,106,307.44487151608354
3,107,189.3649617779963
3,108,406.79767370198357
3,109,328.5133932067241
3,110,506.3325941891975
3,111,292.1107225792489
3,112,405.5035825123427
3,113,218.62312833033246
3,114,337.81695710658033
3,115,185.20800906752277
3,116,258.33924199401054
3,117,84.90697854093627
3,118,435.4815525680372
3,119,143.10640025643286
3,120,265.33518222644824
3,121,173.94360786488738
3,122,504.69758926038656
3,123,418.7688315556788
3,124,383.0169455663172
3,125,221.63529306104553
3,126,296.1444062530944
3,127,303.0097300586373
3,128,386.13390209394043
3,129,183.34038876964934
4,0,161.41551377055336
4,1,274.6303056486321
4,2,257.2137574957939
4,3,404.9101161177926
4,5,650.2470966246901
4,6,328.6797623158223
4,7,303.3361387545354
4,8,696.5883808185035
4,9,555.0096303529541
4,10,31.11113632571551
4,11,536.9700742675013
4,12,519.5352831579233
4,13,549.4030308686007
4,14,417.2932407328979
4,15,86.18784326471969
4,16,311.46642562980395
4,17,307.0399265725918
4,18,367.06111359358164
4,19,346.3093827285908
4,20,368.55525020309983
4,21,434.2135819244479
4,22,459.9609065673443
4,23,434.45026614411853
4,24,443.13391864560805
4,25,264.89828327057967
4,26,347.77070789837217
4,27,177.28443759763573
4,28,448.35989436469504
4,29,299.0054322077345
4,30,328.69144339637774
4,31,509.27024193600397
4,32,383.80182849754686
4,33,296.94400152344815
4,34,355.48069516099315
4,35,527.0684534659397
4,36,434.3986021383905
4,37,491.3231810981191
4,38,178.124948778016
4,39,455.3592193104008
4,40,161.1424532646024
4,41,476.8796521562697
4,42,322.97598062422645
4,43,460.51125066895526
4,44,63.82377008739269
4,45,321.32670684383754
4,46,453.9508456892168
4,47,432.6444575214859
4,48,553.8271863987043
4,49,248.64842784271977
4,50,519.6412931388608
4,51,684.5481893349612
4,52,534.2254025336324
4,53,335.73053324515956
4,54,529.2608664890953
4,55,656.3783804862225
4,56,688.3981383382012
4,57,548.1710187083868
4,58,320.31210607333406
4,59,532.420835003767
4,60,105.59414444633954
4,61,129.34779407473337
4,62,353.86529040554166
4,63,229.07333665672158
4,64,627.7824022789939
4,65,376.850758951156
4,66,528.356549308472
4,67,390.40590677283353
4,68,249.14297604431948
4,69,298.95362001448564
4,70,190.3321717274135
4,71,612.522324884091
4,72,624.8852410384092
4,73,662.8056865676888
4,74,666.1208244932706
4,75,66.76691876361929
4,76,539.4170075311603
4,77,412.8551946426473
4,78,457.7973764418546
4,79,314.64957848320336
4,80,532.9547234914896
4,81,698.2155215156563
4,82,247.051598416407
4,83,529.0747051852082
4,84,347.46496837155087
4,85,305.4720730863877
4,86,536.4317328526491
4,87,275.7755094165766
4,88,430.67430653263403
4,89,332.4478954091219
4,90,686.6847169120944
4,91,564.410070510201
4,92,403.84733467500297
4,93,470.4111235006174
4,94,455.6056678187043
4,95,518.8963314250728
4,96,290.6034751093394
4,97,422.93680364977575
4,98,659.0735997007002
4,99,378.52679792112474
4,100,722.4165519663186
4,101,662.0702223575394
4,102,564.0789473540962
4,103,286.69920491389433
4,104,129.00732195343147
4,105,488.1540759644715
4,106,281.85387232729363
4,107,300.51108245960336
4,108,79.43443793883064
4,109,410.98837723900766
4,110,717.8375864184902
4,111,152.60246055908416
4,112,502.1374473456512
4,113,284.54656058005395
4,114,179.08784841076942
4,115,427.2766818540737
4,116,186.28021905964152
4,117,324.97202694645927
4,118,575.272076961166
4,119,547.5146961178706
4,120,380.15442672370006
4,121,515.3331794549337
4,122,719.9135266417962
4,123,190.72826027931248
4,124,330.2561307130011
4,125,322.7732170370833
4,126,248.04401253995294
4,127,112.59309173766415
4,128,168.42358871278194
4,129,223.54952524729478
5,0,507.8132017674614
5,1,390.3451328061385
5,2,408.556947838165
5,3,273.79456021062515
5,4,650.2470966246901
5,6,720.3229540355899
5,7,360.17003211595386
5,8,475.3096392322093
5,9,136.5547409500453
5,10,664.2212975742194
5,11,410.327506118622
5,12,203.97814678818042
5,13,139.41440862460266
5,14,464.4858682221386
5,15,564.1429915489911
5,16,435.4455189103595
5,17,346.622495121526
5,18,478.41605129809153
5,19,307.1504450785105
5,20,290.84294378919316
5,21,218.36876975791816
5,22,198.65937952887253
5,23,438.6757416008743
5,24,662.7483327601004
5,25,698.1145622750483
5,26,462.66911975662356
5,27,572.6800409700342
5,28,470.21116538421376
5,29,416.4548473159309
5,30,439.2087259551171
5,31,647.275733753422
5,32,278.57217365087587
5,33,467.8773943913327
5,34,321.4085870892269
5,35,638.6174606518064
5,36,217.0108575779623
5,37,324.92736921016717
5,38,472.4731930575556
5,39,195.9470059628944
5,40,493.1412533083589
5,41,190.57960300094342
5,42,548.0520369802579
5,43,195.47879508609861
5,44,594.7865396935129
5,45,329.9770858406841
5,46,197.63764150323706
5,47,670.1950100097271
5,48,209.1919779983114
5,49,405.3374842923569
5,50,149.6412519453898
5,51,419.96125948947684
5,52,188.9929500203433
5,53,363.92216257479123
5,54,120.99136100330855
5,55,472.3651872975768
5,56,487.10889732048054
5,57,214.9053324640272
5,58,419.08477909960914
5,59,137.65129858569995
5,60,675.6998408279787
5,61,541.8416644560795
5,62,635.0626408582157
5,63,776.0081611849948
5,64,448.92384386423487
5,65,549.3569891132171
5,66,177.38592516249693
5,67,633.1171280158616
5,68,797.1848593867945
5,69,658.3852988022127
5,70,461.015176928013
5,71,212.03446977982134
5,72,351.6409817782897
5,73,384.6486310515119
5,74,392.67467863190444
5,75,633.9883345776337
5,76,523.6008432768022
5,77,382.58600586515627
5,78,392.83773201408945
5,79,338.82684613545524
5,80,449.89158511531735
5,81,544.4081053321399
5,82,439.81643643601836
5,83,640.3131112886036
5,84,509.48625155575456
5,85,840.3821106804234
5,86,410.6673043155925
5,87,787.4133558717297
5,88,538.1952135758473
5,89,487.2135615589023
5,90,208.81832525533048
5,91,302.0049590664236
5,92,246.83546990216075
5,93,545.4720828135139
5,94,414.08404107732616
5,95,178.64200636188002
5,96,684.3719144051244
5,97,616.7272865504455
5,98,345.3369250040777
5,99,433.89821890679156
5,100,624.1900404100209
5,101,29.781607098386356
5,102,493.6379811669685
5,103,549.0595666821748
5,104,531.539706121547
5,105,257.54949921393313
5,106,579.0076531838633
5,107,362.88739568381845
5,108,667.7609279458492
5,109,577.3106619574882
5,110,654.7850670292393
5,111,510.52652607402376
5,112,634.6702061343119
5,113,388.62897526010374
5,114,530.8905133907505
5,115,417.6198943061042
5,116,473.26734288348575
5,117,333.32016311413884
5,118,640.5062487761146
5,119,162.7733980752016
5,120,349.31868349682634
5,121,139.00817771755567
5,122,650.8040460605017
5,123,691.238440651138
5,124,495.6630421540158
5,125,362.304939436261
5,126,569.6590488419082
5,127,538.9553488137483
5,128,657.7176165471132
5,129,430.4101380416485
6,0,295.5912359626703
6,1,365.4474922088369
6,2,463.99864830445296
6,3,449.6075926832862
6,4,328.6797623158223
6,5,720.3229540355899
6,7,487.6280743966072
6,8,531.4082889883197
6,9,682.0435077145336
6,10,301.31210351819294
6,11,408.2605795212685
6,12,678.1264085570316
6,13,676.6335568114279
6,14,285.6557624092674
6,15,333.9858279211109
6,16,286.0659918333762
6,17,467.50598444424793
6,18,251.36855430160006
6,19,447.6382115235577
6,20,522.3541947750108
6,21,552.8804106914201
6,22,585.3695147408446
6,23,315.27349420156565
6,24,158.8199445927345
6,25,63.874954729622296
6,26,260.52570442168474
6,27,484.90557149492855
6,28,300.5037608100956
6,29,537.6523195154388
6,30,281.1174490822642
6,31,237.8564338419805
6,32,537.8277836729218
6,33,253.8235349659272
6,34,407.8995625262515
6,35,261.78245990018706
6,36,548.4308898264383
6,37,429.88489974008615
6,38,360.8595786920421
6,39,564.074488366604
6,40,332.54034235754125
6,41,531.3350633188107
6,42,174.61742392475747
6,43,534.4697614483588
6,44,302.0333956804904
6,45,439.52749329572697
6,46,564.2332699341983
6,47,143.19209877306696
6,48,542.04061657929
6,49,378.2180577449783
6,50,570.7319568802315
6,51,546.3952342380234
6,52,543.8312484332812
6,53,360.9204942717608
6,54,615.671783801769
6,55,489.0675440254357
6,56,516.3672393921078
6,57,535.0381979395368
6,58,565.6605309894824
6,59,582.6844106671741
6,60,225.9663977420982
6,61,406.13212627925964
6,62,102.34206025266742
6,63,161.60726445967543
6,64,471.5276939384585
6,65,674.7274737955842
6,66,673.4676796512542
6,67,130.56917276035756
6,68,165.1878542929438
6,69,62.56418899511406
6,70,359.8023410846584
6,71,584.2107087537668
6,72,521.0864868359046
6,73,541.6182243157538
6,74,540.8960686407972
6,75,264.8885638822667
6,76,341.40725475942554
6,77,650.0068652874492
6,78,362.70060620493854
6,79,424.21922585765503
6,80,380.47792234458103
6,81,498.79850599409394
6,82,484.13130375189917
6,83,263.0217402186309
6,84,634.3006767418345
6,85,166.6966462890329
6,86,407.6009481076835
6,87,123.4451318220064
6,88,237.1925064556539
6,89,611.2277521930387
6,90,655.9854447281868
6,91,495.2255211416038
6,92,506.0543115780231
6,93,263.9726875954986
6,94,346.03733293986284
6,95,662.2774707174156
6,96,44.5873811033272
6,97,171.32683559260337
6,98,558.2551847032217
6,99,294.14206180875414
6,100,488.9426695029872
6,101,743.164478412113
6,102,383.00338343893486
6,103,171.76344934035498
6,104,390.4232839033662
6,105,475.13799052788886
6,106,142.26781930228435
6,107,485.71168037104684
6,108,251.14572941415955
6,109,192.06218382510906
6,110,469.9051162523841
6,111,405.42256040054855
6,112,237.44580330807932
6,113,490.39887084371054
6,114,465.19898669552225
6,115,327.51019199986706
6,116,414.6804598402945
6,117,417.15038215126094
6,118,313.512389846583
6,119,567.6565226240835
6,120,595.5996249525384
6,121,619.4328072374534
6,122,474.0931203977578
6,123,140.34621217663766
6,124,612.2489668622683
6,125,526.6202424386969
6,126,160.36053924367258
6,127,358.9736664084176
6,128,160.8152842470531
6,129,363.66855877634885
7,0,199.72142071760408
7,1,137.56689237686294
7,2,48.627691627479834
7,3,188.16122408126523
7,4,303.3361387545354
7,5,360.17003211595386
7,6,487.6280743966072
7,8,571.7203799599768
7,9,252.69652335694119
7,10,323.4160022979397
7,11,421.39989658097863
7,12,217.17425117500704
7,13,247.17278638056385
7,14,362.75435839516655
7,15,221.14296821506557
7,16,249.71045131873413
7,17,33.68645181914212
7,18,334.7617212557136
7,19,109.4559618703582
7,20,69.341774093669
7,21,142.9368706863066
7,22,162.3092960320169
7,23,358.03410328889373
7,24,511.6412368462493
7,25,440.9579806876527
7,26,306.7688866917295
7,27,215.47348477965647
7,28,390.19469642250715
7,29,88.50704392668966
7,30,269.45371384449953
7,31,541.2419877178162
7,32,82.6660228357919
7,33,269.64524469585166
7,34,166.3269896470078
7,35,546.9299344383397
7,36,145.8071878738433
7,37,332.2003452639772
7,38,140.17729939179182
7,39,166.2130384998038
7,40,168.67067909183206
7,41,220.7594939990206
7,42,358.88004439076747
7,43,193.77939529499028
7,44,258.3709727095553
7,45,87.81426923011334
7,46,164.1517814291608
7,47,510.34767267506146
7,48,329.66800241315826
7,49,111.37759024858524
7,50,255.49367678825575
7,51,537.205015156082
7,52,297.96723201444837
7,53,195.23185380287413
7,54,241.95297910987216
7,55,542.1000454350944
7,56,571.6696636638414
7,57,326.61358337302795
7,58,111.5638267366932
7,59,266.2970289901024
7,60,356.57887316466037
7,61,183.89872411410772
7,62,442.13466665258466
7,63,479.0869464407946
7,64,510.00538159109374
7,65,269.1304795629645
7,66,225.02164574787338
7,67,461.74912719105305
7,68,501.67369447076607
7,69,428.9826357024719
7,70,135.04619699157072
7,71,387.9595285920723
7,72,460.30630027920597
7,73,504.85343226203133
7,74,511.03869696198666
7,75,305.49597955209964
7,76,487.8901539651211
7,77,169.86987563528683
7,78,346.0383039791435
7,79,99.59403133185064
7,80,440.8753816863832
7,81,606.2655562113396
7,82,83.04400066896086
7,83,549.1519449515927
7,84,218.82484067243882
7,85,554.2270008890438
7,86,421.1706438168776
7,87,507.30926412943296
7,88,423.01952769726313
7,89,189.43946143551983
7,90,451.1762456664001
7,91,385.89877946983245
7,92,132.44552803352323
7,93,454.35260880702083
7,94,358.436279801223
7,95,215.59404043050165
7,96,443.5643326529502
7,97,470.0973585503369
7,98,484.15465635770676
7,99,308.4271282985764
7,100,661.614897125868
7,101,367.3561838422518
7,102,488.0875672459299
7,103,336.2913097094463
7,104,176.6067105003687
7,105,286.13908546717767
7,106,358.3050923771558
7,107,2.84083263500915
7,108,340.97889567886705
7,109,436.4915809979514
7,110,674.1108861311756
7,111,153.93679887370175
7,112,529.3629551022991
7,113,32.07051953689749
7,114,171.81019406039653
7,115,337.2931505410219
7,116,117.67259375624056
7,117,119.62806308480835
7,118,577.6712430747993
7,119,299.87306456527466
7,120,109.63836215620385
7,121,221.28142644838132
7,122,673.3994846334007
7,123,402.3328579779595
7,124,195.8709090472754
7,125,42.68361849398338
7,126,330.2658028364207
7,127,191.3149466447382
7,128,366.02551689617155
7,129,123.99543276202243
8,0,543.8991442234735
8,1,467.8452293499104
8,2,596.0881576849592
8,3,386.03848820759055
8,4,696.5883808185035
8,5,475.3096392322093
8,6,531.4082889883197
8,7,571.7203799599768
8,9,548.9790229491256
8,10,688.8327780149846
8,11,161.27736292707402
8,12,597.5524019194888
8,13,546.8666734215061
8,14,282.1110381294047
8,15,631.729148499609
8,16,387.9569031637286
8,17,538.3711020186158
8,18,332.87350739341224
8,19,462.4326064000071
8,20,537.1084935270416
8,21,492.8854992539704
8,22,510.73379555820003
8,23,262.3009653209582
8,24,387.9558127136326
8,25,555.0229421184863
8,26,349.26099432567355
8,27,742.1396602991312
8,28,253.28177782655254
8,29,660.2270284885853
8,30,368.98612722631947
8,31,322.25234806607676
8,32,540.6624621222828
8,33,399.6512339151166
8,34,407.2535961758448
8,35,299.93582815547126
8,36,485.22596419583977
8,37,239.5222815265914
8,38,567.1298424308169
8,39,480.45356425698736
8,40,562.8094681831991
8,41,394.2769133220351
8,42,396.72805316478315
8,43,423.95799646381187
8,44,634.5385616091703
8,45,484.7312610860379
8,46,482.8280621258865
8,47,403.2295091918631
8,48,289.1255843691811
8,49,507.5297134913759
8,50,393.3190139270224
8,51,56.578740421947856
8,52,324.3265164276167
8,53,393.0996512543898
8,54,459.4098584389515
8,55,42.76219378823631
8,56,18.885000886815465
8,57,286.9589196626108
8,58,682.0147599496187
8,59,394.12048311077234
8,60,647.4026243417959
8,61,665.7136262130947
8,62,430.9946796068511
8,63,670.8695172099402
8,64,68.81050254502614
8,65,840.5770348182804
8,66,573.9142985851533
8,67,401.0493933546193
8,68,683.0581502538423
8,69,492.66098000967304
8,70,553.9317021789097
8,71,264.34209531787167
8,72,127.95967576771481
8,73,90.66416316268499
8,74,82.64971803643705
8,75,640.8659624380533
8,76,190.30920067424606
8,77,710.616136300847
8,78,242.99623728102725
8,79,475.59832602709537
8,80,165.21616121247487
8,81,76.75351761256665
8,82,639.4351628170498
8,83,300.11783935384193
8,84,790.3656949663846
8,85,697.138017484045
8,86,161.74708667738145
8,87,648.8840455566991
8,88,298.2919754634661
8,89,761.0419342227228
8,90,281.26465197414154
8,91,197.9659222660434
8,92,462.87989042746
8,93,267.55150359126
8,94,241.7169369271633
8,95,566.2034839303325
8,96,522.7842820018839
8,97,361.40474916168927
8,98,130.38354779077187
8,99,318.26946227776364
8,100,158.21716356496674
8,101,504.89095084715507
8,102,148.68005979308464
8,103,427.8163400470752
8,104,645.8481515831793
8,105,295.46095665975497
8,106,447.15066673764767
8,107,572.5594211671844
8,108,658.1941946638414
8,109,340.39625386952827
8,110,195.3234327993265
8,111,639.2883208367974
8,112,315.25558097959293
8,113,600.3916072084235
8,114,698.2841664561523
8,115,269.9908560165339
8,116,613.9615084464634
8,117,455.169485524473
8,118,265.65578320482444
8,119,343.34201299664744
8,120,649.5526573187632
8,121,488.2841727915259
8,122,189.8660677007492
8,123,601.8860905154008
8,124,767.5804227166064
8,125,607.3452332826461
8,126,469.37189210072506
8,127,628.6274607116488
8,128,587.1586971748651
8,129,522.5174477526018
9,0,430.45968529902456
9,1,323.26494489704515
9,2,300.7071021049357
9,3,241.03895174639322
9,4,555.0096303529541
9,5,136.5547409500453
9,6,682.0435077145336
9,7,252.69652335694119
9,8,548.9790229491256
9,10,573.3416211674559
9,11,447.34350083030193
9,12,67.5741101487422
9,13,5.698926877993101
9,14,463.2912294137885
9,15,470.9357158355846
9,16,399.30020329450065
9,17,248.9842010328258
9,18,462.528268808514
9,19,236.92004025010414
9,20,186.57921851395415
9,21,130.96830482989643
9,22,99.56505458352713
9,23,443.04753210428095
9,24,654.762556918019
9,25,648.9999342818121
9,26,440.6858550224252
9,27,454.282346162205
9,28,477.80155401018357
9,29,292.6712206605342
9,30,409.5323234795835
9,31,655.6942861229742
9,32,171.2078187657786
9,33,430.37138527107214
9,34,275.307805344141
9,35,652.0228037520252
9,36,134.40720765038242
9,37,349.17085018417237
9,38,382.96456948319064
9,39,117.97276443659203
9,40,408.0031217848
9,41,174.89553131093592
9,42,519.9547255239024
9,43,157.1709932656498
9,44,505.93075144989785
9,45,251.53179350302915
9,46,117.82657066912304
9,47,659.1460478976361
9,48,260.174494462835
9,49,325.8333935816611
9,50,158.5599198869871
9,51,497.89741726149805
9,52,226.319259385829
9,53,323.2757836373687
9,54,90.98338446601318
9,55,536.2591749006292
9,56,557.1818496304896
9,57,262.94608104992597
9,58,291.01580145419206
9,59,155.57098221717726
9,60,597.4863161768457
9,61,436.1758812234369
9,62,609.8322193520528
9,63,710.4454904798623
9,64,508.1330503768546
9,65,413.7719973143767
9,66,40.87301180660326
9,67,616.1568187378831
9,68,732.6043349104044
9,69,619.572105191778
9,70,373.8273198534184
9,71,291.5301042829929
9,72,421.020115692455
9,73,461.2418185018396
9,74,469.1731405943976
9,75,550.148050098099
9,76,551.8132688562664
9,77,246.70164343058215
9,78,405.1450901288648
9,79,264.7345789888843
9,80,482.78652431337014
9,81,609.2460129241096
9,82,324.70534754614073
9,83,653.9858339482532
9,84,375.35117491814333
9,85,780.8968806352588
9,86,447.4957295464941
9,87,729.9989638061012
9,88,537.5680635438006
9,89,354.423493462835
9,90,317.31022029072767
9,91,355.27464918318515
9,92,176.24107721795943
9,93,554.3479624349486
9,94,425.4763198081196
9,95,43.664330851792016
9,96,641.7270472468913
9,97,608.4991396581521
9,98,425.83148811652273
9,99,420.51083125780707
9,100,683.7075025741212
9,101,129.89468516495214
9,102,531.1282437464695
9,103,511.94669499204326
9,104,429.2872776154655
9,105,275.9572515854485
9,106,540.4021362712683
9,107,255.53695465096868
9,108,585.3190120871861
9,109,569.3124233679927
9,110,709.0464461744922
9,111,406.6097299389855
9,112,642.827351767827
9,113,276.42913805999643
9,114,415.64738199226855
9,115,419.79974384446706
9,116,370.29943546206727
9,117,267.2282550260531
9,118,664.6557672962604
9,119,205.69107518573878
9,120,218.50492867300244
9,121,68.83303267358976
9,122,706.0756583683399
9,123,627.9848607756838
9,124,362.87476575651567
9,125,243.9764996546258
9,126,523.2360295653784
9,127,442.45940356705523
9,128,592.4400928536805
9,129,348.97401696882264
10,0,164.89795598615072
10,1,282.24101869620864
10,2,278.6720513430091
10,3,412.4338823311953
10,4,31.11113632571551
10,5,664.2212975742194
10,6,301.31210351819294
10,7,323.4160022979397
10,8,688.8327780149846
10,9,573.3416211674559
10,11,530.5617611076024
10,12,540.4389114715229
10,13,567.6948808687013
10,14,407.7521321930095
10,15,102.47911350722902
10,16,307.63868806282403
10,17,324.46915969160654
10,18,357.08746099073085
10,19,358.2046374567692
10,20,386.79251101015086
10,21,450.07720635153726
10,22,476.93401789325515
10,23,426.58382627016914
10,24,421.1776809101018
10,25,237.4372460044969
10,26,339.59393167833804
10,27,208.15426095039422
10,28,438.2569142357274
10,29,324.9425032522588
10,30,323.50308593371443
10,31,489.3758261879123
10,32,402.372072147658
10,33,290.2453143283017
10,34,362.26405597912515
10,35,507.9599279078186
10,36,449.7932107574622
10,37,490.37214212458724
10,38,192.14850570772074
10,39,470.5880879088288
10,40,171.50196743650073
10,41,487.04903144873094
10,42,307.69526863530507
10,43,472.32926694070994
10,44,69.63975823988861
10,45,334.30774201061917
10,46,469.3132140907905
10,47,410.08487251298686
10,48,558.833929083733
10,49,259.7733959927161
10,50,530.2173259319518
10,51,679.2505044957868
10,52,540.9876220218414
10,53,338.71934268226875
10,54,543.4193024745604
10,55,648.0125574492976
10,56,679.9081552791886
10,57,552.9572854257884
10,58,347.183701098519
10,59,543.1136714314351
10,60,76.17250328238791
10,61,155.92974761415076
10,62,332.11073992114297
10,63,197.9625760120199
10,64,620.1352895630664
10,65,407.7483171401816
10,66,548.0983600616013
10,67,369.29270358652076
10,68,218.05869265426122
10,69,274.80091446249116
10,70,203.2247431803215
10,71,616.7882242501904
10,72,622.1511574230733
10,73,658.8833050240114
10,74,661.8529969650647
10,75,48.5776048959599
10,76,526.6615708291463
10,77,439.8492068933274
10,78,452.8327477719846
10,79,326.38374837323903
10,80,524.269451988268
10,81,687.1742036917788
10,82,271.8714633924443
10,83,509.9172038228319
10,84,377.7906471273209
10,85,274.41220751055397
10,86,530.0024994376373
10,87,244.83952676905804
10,88,416.063991432972
10,89,362.20548095677685
10,90,691.5790834766627
10,91,564.0839388187858
10,92,417.3898377787283
10,93,455.6426569112407
10,94,449.22150286608564
10,95,538.3754297903604
10,96,264.5397500801586
10,97,403.2972862080936
10,98,657.0370275867222
10,99,372.0150990841827
10,100,708.1917040007384
10,101,677.1673847755468
10,102,553.2570034554628
10,103,271.77115746301706
10,104,152.9802716565385
10,105,491.84831012110783
10,106,264.10657683658735
10,107,320.62189796908774
10,108,50.29571103707947
10,109,393.68634487021103
10,110,702.1022762363561
10,111,176.4140406409483
10,112,482.7727007664149
10,113,306.6313895674311
10,114,208.16863301591215
10,115,421.0120076529914
10,116,207.9794957197588
10,117,335.0827556497176
10,118,557.0159872755021
10,119,555.5108093538461
10,120,404.8755084285042
10,121,531.0155768966872
10,122,704.4099595888108
10,123,162.10630703810725
10,124,360.2203508044721
10,125,345.45575267454484
10,126,231.688959868781
10,127,132.29562306596128
10,128,142.44366017303267
10,129,234.53395279844395
11,0,382.81288798041567
11,1,309.004111773868
11,2,441.29078593469245
11,3,243.77145062305925
11,4,536.9700742675013
11,5,410.327506118622
11,6,408.2605795212685
11,7,421.39989658097863
11,8,161.27736292707402
11,9,447.34350083030193
11,10,530.5617611076024
11,12,483.7662574653402
11,13,443.97331077820286
11,14,130.7860391598253
11,15,470.62786879251667
11,16,226.9618451523998
11,17,387.7195561513172
11,18,179.5548708117751
11,19,314.0426633596406
11,20,395.7320175129489
11,21,364.2124799103297
11,22,387.85102100356585
11,23,105.84789445025869
11,24,291.12063905311214
11,25,419.4415560683192
11,26,191.84375875835516
11,27,582.1735559393262
11,28,108.54044652640486
11,29,509.36008471913726
11,30,208.47413580731538
11,31,250.96092927700676
11,32,401.9572570397385
11,33,240.3783988743145
11,34,255.07974405155196
11,35,237.0607686181858
11,36,356.56081269927523
11,37,100.10169258846932
11,38,406.38907126577885
11,39,356.8593214384789
11,40,401.567416273095
11,41,275.71281592535024
11,42,251.79624862608884
11,43,301.1616140972773
11,44,474.41570224480205
11,45,333.58845960825755
11,46,358.8729027906279
11,47,303.55694587025727
11,48,201.2643882803654
11,49,348.77678187774865
11,50,289.81151860131075
11,51,149.79470236073192
11,52,226.81136632366017
11,53,234.84452669669835
11,54,356.84301377363516
11,55,124.48014299624286
11,56,156.09242301893315
11,57,195.8521636155454
11,58,532.8707441333773
11,59,295.2827386854611
11,60,493.57548110191374
11,61,504.80391598523295
11,62,306.08369171341104
11,63,531.245000809272
11,64,93.25670187697143
11,65,690.1897888027689
11,66,463.8248496573258
11,67,284.729394257049
11,68,545.9219113190929
11,69,359.6747670682935
11,70,393.33255255879465
11,71,212.64023412113673
11,72,113.16299772251844
11,73,135.9256383875257
11,74,136.73811429609063
11,75,483.0954461253778
11,76,114.44944178378263
11,77,571.4485219157301
11,78,81.86496527537763
11,79,322.77159285783006
11,80,40.404112585951886
11,81,184.8704344884502
11,82,484.10826851925754
11,83,238.4068997249546
11,84,639.8568440889034
11,85,567.8366377366821
11,86,0.6601809903932513
11,87,516.4918940098441
11,88,173.12417934407273
11,89,610.4377680836934
11,90,269.6907729020263
11,91,112.15322384641911
11,92,326.57798647098736
11,93,158.8894470788572
11,94,81.39233186662845
11,95,454.4655392296489
11,96,390.51381969820096
11,97,252.0472990688653
11,98,150.08227297290318
11,99,158.59394981841731
11,100,245.17718088287583
11,101,439.46225905182
11,102,84.3986323902985
11,103,278.52750589341656
11,104,484.8517900661541
11,105,171.90111795397598
11,106,301.7467522165939
11,107,421.913103429011
11,108,502.44662423561005
11,109,219.73786015487184
11,110,264.9735022601612
11,111,478.81528215262506
11,112,239.52731403216424
11,113,448.300711130905
11,114,538.8159710770462
11,115,109.70072112452176
11,116,454.52802918911067
11,117,302.35011073607
11,118,231.25722684032587
11,119,251.92066262755262
11,120,508.5208377690067
11,121,380.24968968845815
11,122,262.7911057124293
11,123,456.2362995586466
11,124,616.5069156928837
11,125,459.6014693930525
11,126,318.8891895566553
11,127,467.36060147717404
11,128,437.46672016052963
11,129,362.5741609558726
12,0,409.242565898283
12,1,313.07689590717297
12,2,262.3244295633381
12,3,257.29748918836765
12,4,519.5352831579233
12,5,203.97814678818042
12,6,678.1264085570316
12,7,217.17425117500704
12,8,597.5524019194888
12,9,67.5741101487422
12,10,540.4389114715229
12,11,483.7662574653402
12,13,65.42502639549159
12,14,482.6110130944773
12,15,438.28572201566135
12,16,403.36111147573155
12,17,222.05564461002132
12,18,474.7833865100103
12,19,231.38386277567653
12,20,160.16510536983296
12,21,131.2214262770537
12,22,100.5312813117778
12,23,465.5689664522765
12,24,666.7074642276325
12,25,639.7071779895247
12,26,450.58941284938106
12,27,403.6863725525299
12,28,500.7689140667629
12,29,240.3058044703043
12,30,416.61058453424926
12,31,675.4532814461655
12,32,143.9376566252035
12,33,432.5186318993965
12,34,281.0763236194209
12,35,674.1439533474188
12,36,137.59651215703207
12,37,383.82861018771735
12,38,355.2132296937807
12,39,129.95134404349386
12,40,382.3992521990155
12,41,208.28039773620927
12,42,524.4328074111818
12,43,183.09364806019389
12,44,475.460857486988
12,45,238.9215407678155
12,46,128.45438755899283
12,47,669.5203176485991
12,48,309.1152182648848
12,49,307.37492780995586
12,50,204.4009856455841
12,51,548.6838456735773
12,52,273.32906162623533
12,53,328.69183465809857
12,54,140.62602321011664
12,55,581.3687886876054
12,56,604.3208183793236
12,57,310.78707674397725
12,58,234.3792317559265
12,59,204.8776770024132
12,60,572.153391372058
12,61,395.50603335419015
12,62,613.897887186016
12,63,691.0771484349584
12,64,551.9197598529055
12,65,348.1242515631431
12,66,27.60262568445821
12,67,624.3030525386474
12,68,713.5452563398796
12,69,616.3475110644002
12,70,348.0011410243564
12,71,347.3738991665666
12,72,470.1813097891241
12,73,512.1238695042089
12,74,519.8930561117701
12,75,522.09149802316
12,76,582.2179492804959
12,77,181.06934604781733
12,78,432.5106807925668
12,79,253.99622958134927
12,80,516.6366545620886
12,81,653.7528053472263
12,82,279.326266941723
12,83,676.2007645952417
12,84,311.47686602943116
12,85,764.2076887914276
12,86,483.83887027453164
12,87,715.0185334651688
12,88,555.2400717645783
12,89,292.1060525088308
12,90,379.87089981026384
12,91,400.6430473992791
12,92,178.83812082575213
12,93,576.0920848124758
12,94,451.73075079040217
12,95,31.890487803972537
12,96,636.0760454046726
12,97,621.0970644899915
12,98,478.6339202464744
12,99,435.40530990043686
12,100,725.3028676244106
12,101,195.47277928836596
12,102,565.8548074867675
12,103,511.8722989230317
12,104,391.2414732623829
12,105,312.3714430178087
12,106,538.8489159317749
12,107,219.94180300092148
12,108,557.5699384328861
12,109,582.7703108320708
12,110,748.2462932111571
12,111,367.8761172930143
12,112,662.6602136124499
12,113,235.41204199595552
12,114,368.0979843171712
12,115,442.0959919395995
12,116,333.25526288469075
12,117,261.5704234384912
12,118,691.4605006587329
12,119,256.2460154816621
12,120,160.45122604053023
12,121,109.76566264921783
12,122,745.7204985540918
12,123,611.0504362867547
12,124,300.5065490174467
12,125,198.82256263232173
12,126,517.8197360942379
12,127,408.18690179131136
12,128,574.9053292454531
12,129,328.0818249303279
13,0,424.76355584828724
13,1,317.6499857315076
13,2,295.22451195496893
13,3,236.153645163189
13,4,549.4030308686007
13,5,139.41440862460266
13,6,676.6335568114279
